18
18
22
22
22
19
20
21
18
20
19
18
18
18
18
20
20
18
22
18
18
24
22
18
17
17
17
18
17
18
24
17
19
22
18
18
20
23
18
20
18
20
20
24
18
19
21
19
18
23
18
18
19
18
20
18
19
18
18
20
18
20
21
27
19
18
17
22
18
21
18
18
17
18
17
23
20
20
20
17
18
18
18
18
18
18
18
23
17
18
19
20
21
24
20
20
20
20
24
22
21
20
18
20
19
18
18
25
17
22
18
21
21
17
18
17
17
23
18
18
22
24
18
28
18
20
17
18
18
18
21
18
17
17
18
18
17
18
20
17
17
17
17
17
17
17
19
18
21
22
20
19
19
18
21
21
17
21
23
22
17
17
20
18
18
18
17
18
19
21
21
20
18
18
18
17
20
18
18
18
18
19
21
21
18
18
20
18
18
17
18
18
18
19
19
19
19
17
17
17
20
20
17
18
18
18
22
24
19
18
19
18
23
17
18
18
18
17
17
17
18
18
17
18
20
18
17
17
24
20
21
20
18
18
18
24
19
17
22
18
18
25
24
20
18
18
18
19
21
18
20
21
21
17
17
24
17
20
18
18
24
17
22
18
21
17
18
17
18
20
20
22
28
18
18
19
21
22
21
18
18
17
19
18
25
18
18
18
18
18
18
20
23
18
18
20
23
18
17
18
22
20
20
24
22
20
22
21
19
20
20
17
17
18
22
23
21
22
21
18
20
23
20
18
21
22
17
20
20
18
17
17
17
17
19
18
18
18
18
18
25
19
24
18
18
27
18
17
18
18
18
20
20
18
20
17
18
17
20
18
20
21
21
19
19
21
21
22
21
20
18
18
17
24
21
21
18
19
18
23
21
21
20
19
18
18
17
18
18
18
17
18
17
17
19
22
20
22
20
23
22
20
21
19
19
20
21
21
18
17
19
17
24
21
18
18
22
19
21
26
18
19
18
18
17
18
18
19
18
18
19
18
23
21
22
21
20
18
21
20
21
21
21
24
18
18
17
23
19
20
20
17
20
22
19
25
19
18
17
18
18
18
20
17
17
20
22
23
20
21
21
21
23
17
18
17
17
18
18
18
18
17
18
17
18
17
17
20
18
18
20
18
20
17
18
19
20
35
21
19
