23
22
22
22
22
22
22
22
22
23
27
22
23
23
22
22
22
23
23
22
23
22
22
25
23
23
22
22
50
22
22
23
23
22
33
27
29
22
23
22
22
23
24
25
38
39
28
30
26
22
22
25
22
26
22
24
28
22
22
22
22
22
22
22
22
23
22
22
23
22
22
23
22
22
22
23
23
22
22
22
27
22
23
22
23
22
22
22
22
22
22
22
23
22
22
22
23
22
23
22
22
22
22
24
23
22
22
22
23
22
22
29
22
23
22
22
22
22
23
22
22
22
22
24
22
22
22
22
22
23
22
22
22
25
22
22
22
22
22
22
25
22
22
22
22
22
25
22
22
22
22
23
27
22
23
22
22
22
22
23
23
22
22
22
30
22
23
23
22
22
22
22
22
26
22
23
29
23
22
22
22
22
22
23
22
22
22
22
29
22
22
22
22
22
22
22
22
22
22
23
22
22
22
23
33
30
23
22
25
22
22
25
22
23
22
22
22
25
22
22
22
22
22
22
23
22
22
23
22
22
23
22
23
29
22
23
22
22
22
22
22
22
23
23
22
22
22
22
22
22
22
22
22
25
22
22
23
29
22
25
22
22
22
22
22
24
22
22
22
22
23
25
22
25
22
22
22
22
22
23
22
22
22
25
22
22
22
23
22
23
22
22
24
22
22
25
22
22
22
22
22
22
23
22
22
23
22
23
23
22
22
22
22
22
23
22
22
22
22
24
25
22
22
22
22
22
23
22
22
22
22
24
22
22
22
23
22
22
22
22
23
23
23
22
22
22
23
22
22
22
22
22
22
22
23
24
23
24
23
22
22
22
22
22
22
23
22
22
22
22
23
23
22
22
22
22
23
22
22
25
23
22
22
22
22
22
22
22
22
22
23
22
23
23
22
23
22
23
24
22
25
23
22
22
22
22
22
23
22
25
23
22
23
23
22
22
22
22
22
22
22
23
22
22
23
22
22
22
22
22
23
23
22
23
22
22
23
22
22
22
22
22
22
22
23
22
22
22
22
22
22
22
22
22
22
22
23
24
22
23
23
22
23
22
22
22
22
23
22
22
22
22
22
22
22
23
22
22
22
25
22
22
22
22
22
22
22
22
22
23
22
29
26
22
22
23
22
22
25
22
