dedere_3_2
21100
5
20000
2
10:21
1
1
izmaylovo_1_3
12300
3
5700
1
0
kukuevo_2_9
16200
4
3400
2
12:23
5
0
lol_1_2
123
2
34567
2
10:23
3
1
swerdlov_0_2
2345
2
1234
1
1
dedere_3_2
21100
5
20000
2
10:21
1
1
izmaylovo_1_3
12300
3
5700
1
0
kukuevo_2_9
16200
4
3400
2
12:23
5
0
lol_1_2
123
2
34567
2
10:23
3
1
swerdlov_0_2
2345
2
1234
1
1
dedere_3_2
21100
5
20000
2
10:21
1
1
izmaylovo_1_3
12300
3
5700
1
0
kukuevo_2_9
16200
4
3400
2
12:23
5
0
lol_1_2
123
2
34567
2
10:23
3
1
swerdlov_0_2
2345
2
1234
1
1
dedere_3_2
21100
5
20000
2
10:21
1
1
izmaylovo_1_3
12300
3
5700
1
0
kukuevo_2_9
16200
4
3400
2
12:23
5
0
lol_1_2
123
2
34567
2
10:23
3
1
swerdlov_0_2
2345
2
1234
1
1
dedere_3_2
21100
5
20000
2
10:21
1
1
izmaylovo_1_3
12300
3
5700
1
0
kukuevo_2_9
16200
4
3400
2
12:23
5
0
lol_1_2
123
2
34567
2
10:23
3
1
swerdlov_0_2
2345
2
1234
1
1
dedere_3_2
21100
5
20000
2
10:21
1
1
izmaylovo_1_3
12300
3
5700
1
0
kukuevo_2_9
16200
4
3400
2
12:23
5
0
lol_1_2
123
2
34567
2
10:23
3
1
swerdlov_0_2
2345
2
1234
1
1
dedere_3_2
21100
5
20000
2
10:21
1
1
izmaylovo_1_3
12300
3
5700
1
0
kukuevo_2_9
16200
4
3400
2
12:23
5
0
lol_1_2
123
2
34567
2
10:23
3
1
swerdlov_0_2
2345
2
1234
1
1
dedere_3_2
21100
5
20000
2
10:21
1
1
izmaylovo_1_3
12300
3
5700
1
0
kukuevo_2_9
16200
4
3400
2
12:23
5
0
lol_1_2
123
2
34567
2
10:23
3
1
swerdlov_0_2
2345
2
1234
1
1
dedere_3_2
21100
5
20000
2
10:21
1
1
izmaylovo_1_3
12300
3
5700
1
0
kukuevo_2_9
16200
4
3400
2
12:23
5
0
lol_1_2
123
2
34567
2
10:23
3
1
swerdlov_0_2
2345
2
1234
1
1
dedere_3_2
21100
5
20000
2
10:21
1
1
izmaylovo_1_3
12300
3
5700
1
0
kukuevo_2_9
16200
4
3400
2
12:23
5
0
lol_1_2
123
2
34567
2
10:23
3
1
swerdlov_0_2
2345
2
1234
1
1
dedere_3_2
21100
5
20000
2
10:21
1
1
izmaylovo_1_3
12300
3
5700
1
0
kukuevo_2_9
16200
4
3400
2
12:23
5
0
lol_1_2
123
2
34567
2
10:23
3
1
swerdlov_0_2
2345
2
1234
1
1
dedere_3_2
21100
5
20000
2
10:21
1
1
izmaylovo_1_3
12300
3
5700
1
0
kukuevo_2_9
16200
4
3400
2
12:23
5
0
lol_1_2
123
2
34567
2
10:23
3
1
swerdlov_0_2
2345
2
1234
1
1
dedere_3_2
21100
5
20000
2
10:21
1
1
izmaylovo_1_3
12300
3
5700
1
0
kukuevo_2_9
16200
4
3400
2
12:23
5
0
lol_1_2
123
2
34567
2
10:23
3
1
swerdlov_0_2
2345
2
1234
1
1
dedere_3_2
21100
5
20000
2
10:21
1
1
izmaylovo_1_3
12300
3
5700
1
0
kukuevo_2_9
16200
4
3400
2
12:23
5
0
lol_1_2
123
2
34567
2
10:23
3
1
swerdlov_0_2
2345
2
1234
1
1
dedere_3_2
21100
5
20000
2
10:21
1
1
izmaylovo_1_3
12300
3
5700
1
0
kukuevo_2_9
16200
4
3400
2
12:23
5
0
lol_1_2
123
2
34567
2
10:23
3
1
swerdlov_0_2
2345
2
1234
1
1
dedere_3_2
21100
5
20000
2
10:21
1
1
izmaylovo_1_3
12300
3
5700
1
0
kukuevo_2_9
16200
4
3400
2
12:23
5
0
lol_1_2
123
2
34567
2
10:23
3
1
swerdlov_0_2
2345
2
1234
1
1
dedere_3_2
21100
5
20000
2
10:21
1
1
izmaylovo_1_3
12300
3
5700
1
0
kukuevo_2_9
16200
4
3400
2
12:23
5
0
lol_1_2
123
2
34567
2
10:23
3
1
swerdlov_0_2
2345
2
1234
1
1
dedere_3_2
21100
5
20000
2
10:21
1
1
izmaylovo_1_3
12300
3
5700
1
0
kukuevo_2_9
16200
4
3400
2
12:23
5
0
lol_1_2
123
2
34567
2
10:23
3
1
swerdlov_0_2
2345
2
1234
1
1
dedere_3_2
21100
5
20000
2
10:21
1
1
izmaylovo_1_3
12300
3
5700
1
0
kukuevo_2_9
16200
4
3400
2
12:23
5
0
lol_1_2
123
2
34567
2
10:23
3
1
swerdlov_0_2
2345
2
1234
1
1
dedere_3_2
21100
5
20000
2
10:21
1
1
izmaylovo_1_3
12300
3
5700
1
0
kukuevo_2_9
16200
4
3400
2
12:23
5
0
lol_1_2
123
2
34567
2
10:23
3
1
swerdlov_0_2
2345
2
1234
1
1